(0,0) 0.107422
(1,1) 0.107422
(2,2) 0.107422
(3,3) 0.107422
(4,4) 0.107422
(5,5) 0.107422
(6,6) 0.107422
(7,7) 0.107422
(8,8) 0.107422
(9,9) 0.107422
(10,10) 0.107422
(11,11) 0.107422
(12,12) 0.107422
(13,13) 0.107422
(14,14) 0.107422
(15,15) 0.107422
(16,16) 0.107422
(17,17) 0.107422
(18,18) 0.107422
(19,19) 0.107422
(20,20) 0.107422
(21,21) 0.107422
(22,22) 0.107422
(23,23) 0.107422
(24,24) 0.107422
(25,25) 0.107422
(26,26) 0.107422
(27,27) 0.107422
(28,28) 0.107422
(29,29) 0.107422
(30,30) 0.107422
(31,31) 0.107422
(32,32) 0.107422
(33,33) 0.107422
(34,34) 0.107422
(35,35) 0.107422
(36,36) 0.107422
(37,37) 0.107422
(38,38) 0.107422
(39,39) 0.107422
(40,40) 0.107422
(41,41) 0.107422
(42,42) 0.107422
(43,43) 0.107422
(44,44) 0.107422
(45,45) 0.107422
(46,46) 0.107422
(47,47) 0.107422
(48,48) 0.107422
(49,49) 0.107422
(50,50) 0.107422
(51,51) 0.107422
(52,52) 0.107422
(53,53) 0.107422
(54,54) 0.107422
(55,55) 0.107422
(56,56) 0.107422
(57,57) 0.107422
(58,58) 0.107422
(59,59) 0.107422
(60,60) 0.107422
(61,61) 0.107422
(62,62) 0.107422
(63,63) 0.107422
(64,64) 0.107422
(65,65) 0.107422
(66,66) 0.107422
(67,67) 0.107422
(68,68) 0.107422
(69,69) 0.107422
(70,70) 0.107422
(71,71) 0.107422
(72,72) 0.107422
(73,73) 0.107422
(74,74) 0.107422
(75,75) 0.107422
(76,76) 0.107422
(77,77) 0.107422
(78,78) 0.107422
(79,79) 0.107422
(80,80) 0.107422
(81,81) 0.107422
(82,82) 0.107422
(83,83) 0.107422
(84,84) 0.107422
(85,85) 0.107422
(86,86) 0.107422
(87,87) 0.107422
(88,88) 0.107422
(89,89) 0.107422
(90,90) 0.107422
(91,91) 0.107422
(92,92) 0.107422
(93,93) 0.107422
(94,94) 0.107422
(95,95) 0.107422
(96,96) 0.107422
(97,97) 0.107422
(98,98) 0.107422
(99,99) 0.107422
(100,100) 0.107422
(101,101) 0.107422
(102,102) 0.107422
(103,103) 0.107422
(104,104) 0.107422
(105,105) 0.107422
(106,106) 0.107422
(107,107) 0.107422
(108,108) 0.107422
(109,109) 0.107422
(110,110) 0.107422
(111,111) 0.107422
(112,112) 0.107422
(113,113) 0.107422
(114,114) 0.107422
(115,115) 0.107422
(116,116) 0.107422
(117,117) 0.107422
(118,118) 0.107422
(119,119) 0.107422
(120,120) 0.107422
(121,121) 0.107422
(122,122) 0.107422
(123,123) 0.107422
(124,124) 0.107422
(125,125) 0.107422
(126,126) 0.107422
(127,127) 0.107422
(128,128) 0.107422
(129,129) 0.107422
(130,130) 0.107422
(131,131) 0.107422
(132,132) 0.107422
(133,133) 0.107422
(134,134) 0.107422
(135,135) 0.107422
(136,136) 0.107422
(137,137) 0.107422
(138,138) 0.107422
(139,139) 0.107422
(140,140) 0.107422
(141,141) 0.107422
(142,142) 0.107422
(143,143) 0.107422
(144,144) 0.107422
(145,145) 0.107422
(146,146) 0.107422
(147,147) 0.107422
(148,148) 0.107422
(149,149) 0.107422
(150,150) 0.107422
(151,151) 0.107422
(152,152) 0.107422
(153,153) 0.107422
(154,154) 0.107422
(155,155) 0.107422
(156,156) 0.107422
(157,157) 0.107422
(158,158) 0.107422
(159,159) 0.107422
(160,160) 0.107422
(161,161) 0.107422
(162,162) 0.107422
(163,163) 0.107422
(164,164) 0.107422
(165,165) 0.107422
(166,166) 0.107422
(167,167) 0.107422
(168,168) 0.107422
(169,169) 0.107422
(170,170) 0.107422
(171,171) 0.107422
(172,172) 0.107422
(173,173) 0.107422
(174,174) 0.107422
(175,175) 0.107422
(176,176) 0.107422
(177,177) 0.107422
(178,178) 0.107422
(179,179) 0.107422
(180,180) 0.107422
(181,181) 0.107422
(182,182) 0.107422
(183,183) 0.107422
(184,184) 0.107422
(185,185) 0.107422
(186,186) 0.107422
(187,187) 0.107422
(188,188) 0.107422
(189,189) 0.107422
(190,190) 0.107422
(191,191) 0.107422
(192,192) 0.107422
(193,193) 0.107422
(194,194) 0.107422
(195,195) 0.107422
(196,196) 0.107422
(197,197) 0.107422
(198,198) 0.107422
(199,199) 0.107422
(200,200) 0.107422
(201,201) 0.107422
(202,202) 0.107422
(203,203) 0.107422
(204,204) 0.107422
(205,205) 0.107422
(206,206) 0.107422
(207,207) 0.107422
(208,208) 0.107422
(209,209) 0.107422
(210,210) 0.107422
(211,211) 0.107422
(212,212) 0.107422
(213,213) 0.107422
(214,214) 0.107422
(215,215) 0.107422
(216,216) 0.107422
(217,217) 0.107422
(218,218) 0.107422
(219,219) 0.107422
(220,220) 0.107422
(221,221) 0.107422
(222,222) 0.107422
(223,223) 0.107422
(224,224) 0.107422
(225,225) 0.107422
(226,226) 0.107422
(227,227) 0.107422
(228,228) 0.107422
(229,229) 0.107422
(230,230) 0.107422
(231,231) 0.107422
(232,232) 0.107422
(233,233) 0.107422
(234,234) 0.107422
(235,235) 0.107422
(236,236) 0.107422
(237,237) 0.107422
(238,238) 0.107422
(239,239) 0.107422
(240,240) 0.107422
(241,241) 0.107422
(242,242) 0.107422
(243,243) 0.107422
(244,244) 0.107422
(245,245) 0.107422
(246,246) 0.107422
(247,247) 0.107422
(248,248) 0.107422
(249,249) 0.107422
(250,250) 0.107422
(251,251) 0.107422
(252,252) 0.107422
(253,253) 0.107422
(254,254) 0.107422
(255,255) 0.107422
(256,256) 0.107422
(257,257) 0.107422
(258,258) 0.107422
(259,259) 0.107422
(260,260) 0.107422
(261,261) 0.107422
(262,262) 0.107422
(263,263) 0.107422
(264,264) 0.107422
(265,265) 0.107422
(266,266) 0.107422
(267,267) 0.107422
(268,268) 0.107422
(269,269) 0.107422
(270,270) 0.107422
(271,271) 0.107422
(272,272) 0.107422
(273,273) 0.107422
(274,274) 0.107422
(275,275) 0.107422
(276,276) 0.107422
(277,277) 0.107422
(278,278) 0.107422
(279,279) 0.107422
(280,280) 0.107422
(281,281) 0.107422
(282,282) 0.107422
(283,283) 0.107422
(284,284) 0.107422
(285,285) 0.107422
(286,286) 0.107422
(287,287) 0.107422
(288,288) 0.107422
(289,289) 0.107422
(290,290) 0.107422
(291,291) 0.107422
(292,292) 0.107422
(293,293) 0.107422
(294,294) 0.107422
(295,295) 0.107422
(296,296) 0.107422
(297,297) 0.107422
(298,298) 0.107422
(299,299) 0.107422
(300,300) 0.107422
(301,301) 0.107422
(302,302) 0.107422
(303,303) 0.107422
(304,304) 0.107422
(305,305) 0.107422
(306,306) 0.107422
(307,307) 0.107422
(308,308) 0.107422
(309,309) 0.107422
(310,310) 0.107422
(311,311) 0.107422
(312,312) 0.107422
(313,313) 0.107422
(314,314) 0.107422
(315,315) 0.107422
(316,316) 0.107422
(317,317) 0.107422
(318,318) 0.107422
(319,319) 0.107422
(320,320) 0.107422
(321,321) 0.107422
(322,322) 0.107422
(323,323) 0.107422
(324,324) 0.107422
(325,325) 0.107422
(326,326) 0.107422
(327,327) 0.107422
(328,328) 0.107422
(329,329) 0.107422
(330,330) 0.107422
(331,331) 0.107422
(332,332) 0.107422
(333,333) 0.107422
(334,334) 0.107422
(335,335) 0.107422
(336,336) 0.107422
(337,337) 0.107422
(338,338) 0.107422
(339,339) 0.107422
(340,340) 0.107422
(341,341) 0.107422
(342,342) 0.107422
(343,343) 0.107422
(344,344) 0.107422
(345,345) 0.107422
(346,346) 0.107422
(347,347) 0.107422
(348,348) 0.107422
(349,349) 0.107422
(350,350) 0.107422
(351,351) 0.107422
(352,352) 0.107422
(353,353) 0.107422
(354,354) 0.107422
(355,355) 0.107422
(356,356) 0.107422
(357,357) 0.107422
(358,358) 0.107422
(359,359) 0.107422
(360,360) 0.107422
(361,361) 0.107422
(362,362) 0.107422
(363,363) 0.107422
(364,364) 0.107422
(365,365) 0.107422
(366,366) 0.107422
(367,367) 0.107422
(368,368) 0.107422
(369,369) 0.107422
(370,370) 0.107422
(371,371) 0.107422
(372,372) 0.107422
(373,373) 0.107422
(374,374) 0.107422
(375,375) 0.107422
(376,376) 0.107422
(377,377) 0.107422
(378,378) 0.107422
(379,379) 0.107422
(380,380) 0.107422
(381,381) 0.107422
(382,382) 0.107422
(383,383) 0.107422
(384,384) 0.107422
(385,385) 0.107422
(386,386) 0.107422
(387,387) 0.107422
(388,388) 0.107422
(389,389) 0.107422
(390,390) 0.107422
(391,391) 0.107422
(392,392) 0.107422
(393,393) 0.107422
(394,394) 0.107422
(395,395) 0.107422
(396,396) 0.107422
(397,397) 0.107422
(398,398) 0.107422
(399,399) 0.107422
(400,400) 0.107422
(401,401) 0.107422
(402,402) 0.107422
(403,403) 0.107422
(404,404) 0.107422
(405,405) 0.107422
(406,406) 0.107422
(407,407) 0.107422
(408,408) 0.107422
(409,409) 0.107422
(410,410) 0.107422
(411,411) 0.107422
(412,412) 0.107422
(413,413) 0.107422
(414,414) 0.107422
(415,415) 0.107422
(416,416) 0.107422
(417,417) 0.107422
(418,418) 0.107422
(419,419) 0.107422
(420,420) 0.107422
(421,421) 0.107422
(422,422) 0.107422
(423,423) 0.107422
(424,424) 0.107422
(425,425) 0.107422
(426,426) 0.107422
(427,427) 0.107422
(428,428) 0.107422
(429,429) 0.107422
(430,430) 0.107422
(431,431) 0.107422
(432,432) 0.107422
(433,433) 0.107422
(434,434) 0.107422
(435,435) 0.107422
(436,436) 0.107422
(437,437) 0.107422
(438,438) 0.107422
(439,439) 0.107422
(440,440) 0.107422
(441,441) 0.107422
(442,442) 0.107422
(443,443) 0.107422
(444,444) 0.107422
(445,445) 0.107422
(446,446) 0.107422
(447,447) 0.107422
(448,448) 0.107422
(449,449) 0.107422
(450,450) 0.107422
(451,451) 0.107422
(452,452) 0.107422
(453,453) 0.107422
(454,454) 0.107422
(455,455) 0.107422
(456,456) 0.107422
(457,457) 0.107422
(458,458) 0.107422
(459,459) 0.107422
(460,460) 0.107422
(461,461) 0.107422
(462,462) 0.107422
(463,463) 0.107422
(464,464) 0.107422
(465,465) 0.107422
(466,466) 0.107422
(467,467) 0.107422
(468,468) 0.107422
(469,469) 0.107422
(470,470) 0.107422
(471,471) 0.107422
(472,472) 0.107422
(473,473) 0.107422
(474,474) 0.107422
(475,475) 0.107422
(476,476) 0.107422
(477,477) 0.107422
(478,478) 0.107422
(479,479) 0.107422
(480,480) 0.107422
(481,481) 0.107422
(482,482) 0.107422
(483,483) 0.107422
(484,484) 0.107422
(485,485) 0.107422
(486,486) 0.107422
(487,487) 0.107422
(488,488) 0.107422
(489,489) 0.107422
(490,490) 0.107422
(491,491) 0.107422
(492,492) 0.107422
(493,493) 0.107422
(494,494) 0.107422
(495,495) 0.107422
(496,496) 0.107422
(497,497) 0.107422
(498,498) 0.107422
(499,499) 0.107422
(500,500) 0.107422
(501,501) 0.107422
(502,502) 0.107422
(503,503) 0.107422
(504,504) 0.107422
(505,505) 0.107422
(506,506) 0.107422
(507,507) 0.107422
(508,508) 0.107422
(509,509) 0.107422
(510,510) 0.107422
(511,511) 0.107422
(512,512) 0.107422
(513,513) 0.107422
(514,514) 0.107422
(515,515) 0.107422
(516,516) 0.107422
(517,517) 0.107422
(518,518) 0.107422
(519,519) 0.107422
(520,520) 0.107422
(521,521) 0.107422
(522,522) 0.107422
(523,523) 0.107422
(524,524) 0.107422
(525,525) 0.107422
(526,526) 0.107422
(527,527) 0.107422
(528,528) 0.107422
(529,529) 0.107422
(530,530) 0.107422
(531,531) 0.107422
(532,532) 0.107422
(533,533) 0.107422
(534,534) 0.107422
(535,535) 0.107422
(536,536) 0.107422
(537,537) 0.107422
(538,538) 0.107422
(539,539) 0.107422
(540,540) 0.107422
(541,541) 0.107422
(542,542) 0.107422
(543,543) 0.107422
(544,544) 0.107422
(545,545) 0.107422
(546,546) 0.107422
(547,547) 0.107422
(548,548) 0.107422
(549,549) 0.107422
(550,550) 0.107422
(551,551) 0.107422
(552,552) 0.107422
(553,553) 0.107422
(554,554) 0.107422
(555,555) 0.107422
(556,556) 0.107422
(557,557) 0.107422
(558,558) 0.107422
(559,559) 0.107422
(560,560) 0.107422
(561,561) 0.107422
(562,562) 0.107422
(563,563) 0.107422
(564,564) 0.107422
(565,565) 0.107422
(566,566) 0.107422
(567,567) 0.107422
(568,568) 0.107422
(569,569) 0.107422
(570,570) 0.107422
(571,571) 0.107422
(572,572) 0.107422
(573,573) 0.107422
(574,574) 0.107422
(575,575) 0.107422
(576,576) 0.107422
(577,577) 0.107422
(578,578) 0.107422
(579,579) 0.107422
(580,580) 0.107422
(581,581) 0.107422
(582,582) 0.107422
(583,583) 0.107422
(584,584) 0.107422
(585,585) 0.107422
(586,586) 0.107422
(587,587) 0.107422
(588,588) 0.107422
(589,589) 0.107422
(590,590) 0.107422
(591,591) 0.107422
(592,592) 0.107422
(593,593) 0.107422
(594,594) 0.107422
(595,595) 0.107422
(596,596) 0.107422
(597,597) 0.107422
(598,598) 0.107422
(599,599) 0.107422
(600,600) 0.107422
(601,601) 0.107422
(602,602) 0.107422
(603,603) 0.107422
(604,604) 0.107422
(605,605) 0.107422
(606,606) 0.107422
(607,607) 0.107422
(608,608) 0.107422
(609,609) 0.107422
(610,610) 0.107422
(611,611) 0.107422
(612,612) 0.107422
(613,613) 0.107422
(614,614) 0.107422
(615,615) 0.107422
(616,616) 0.107422
(617,617) 0.107422
(618,618) 0.107422
(619,619) 0.107422
(620,620) 0.107422
(621,621) 0.107422
(622,622) 0.107422
(623,623) 0.107422
(624,624) 0.107422
(625,625) 0.107422
(626,626) 0.107422
(627,627) 0.107422
(628,628) 0.107422
(629,629) 0.107422
(630,630) 0.107422
(631,631) 0.107422
(632,632) 0.107422
(633,633) 0.107422
(634,634) 0.107422
(635,635) 0.107422
(636,636) 0.107422
(637,637) 0.107422
(638,638) 0.107422
(639,639) 0.107422
(640,640) 0.107422
(641,641) 0.107422
(642,642) 0.107422
(643,643) 0.107422
(644,644) 0.107422
(645,645) 0.107422
(646,646) 0.107422
(647,647) 0.107422
(648,648) 0.107422
(649,649) 0.107422
(650,650) 0.107422
(651,651) 0.107422
(652,652) 0.107422
(653,653) 0.107422
(654,654) 0.107422
(655,655) 0.107422
(656,656) 0.107422
(657,657) 0.107422
(658,658) 0.107422
(659,659) 0.107422
(660,660) 0.107422
(661,661) 0.107422
(662,662) 0.107422
(663,663) 0.107422
(664,664) 0.107422
(665,665) 0.107422
(666,666) 0.107422
(667,667) 0.107422
(668,668) 0.107422
(669,669) 0.107422
(670,670) 0.107422
(671,671) 0.107422
(672,672) 0.107422
(673,673) 0.107422
(674,674) 0.107422
(675,675) 0.107422
(676,676) 0.107422
(677,677) 0.107422
(678,678) 0.107422
(679,679) 0.107422
(680,680) 0.107422
(681,681) 0.107422
(682,682) 0.107422
(683,683) 0.107422
(684,684) 0.107422
(685,685) 0.107422
(686,686) 0.107422
(687,687) 0.107422
(688,688) 0.107422
(689,689) 0.107422
(690,690) 0.107422
(691,691) 0.107422
(692,692) 0.107422
(693,693) 0.107422
(694,694) 0.107422
(695,695) 0.107422
(696,696) 0.107422
(697,697) 0.107422
(698,698) 0.107422
(699,699) 0.107422
(700,700) 0.107422
(701,701) 0.107422
(702,702) 0.107422
(703,703) 0.107422
(704,704) 0.107422
(705,705) 0.107422
(706,706) 0.107422
(707,707) 0.107422
(708,708) 0.107422
(709,709) 0.107422
(710,710) 0.107422
(711,711) 0.107422
(712,712) 0.107422
(713,713) 0.107422
(714,714) 0.107422
(715,715) 0.107422
(716,716) 0.107422
(717,717) 0.107422
(718,718) 0.107422
(719,719) 0.107422
(720,720) 0.107422
(721,721) 0.107422
(722,722) 0.107422
(723,723) 0.107422
(724,724) 0.107422
(725,725) 0.107422
(726,726) 0.107422
(727,727) 0.107422
(728,728) 0.107422
(729,729) 0.107422
(730,730) 0.107422
(731,731) 0.107422
(732,732) 0.107422
(733,733) 0.107422
(734,734) 0.107422
(735,735) 0.107422
(736,736) 0.107422
(737,737) 0.107422
(738,738) 0.107422
(739,739) 0.107422
(740,740) 0.107422
(741,741) 0.107422
(742,742) 0.107422
(743,743) 0.107422
(744,744) 0.107422
(745,745) 0.107422
(746,746) 0.107422
(747,747) 0.107422
(748,748) 0.107422
(749,749) 0.107422
(750,750) 0.107422
(751,751) 0.107422
(752,752) 0.107422
(753,753) 0.107422
(754,754) 0.107422
(755,755) 0.107422
(756,756) 0.107422
(757,757) 0.107422
(758,758) 0.107422
(759,759) 0.107422
(760,760) 0.107422
(761,761) 0.107422
(762,762) 0.107422
(763,763) 0.107422
(764,764) 0.107422
(765,765) 0.107422
(766,766) 0.107422
(767,767) 0.107422
(768,768) 0.107422
(769,769) 0.107422
(770,770) 0.107422
(771,771) 0.107422
(772,772) 0.107422
(773,773) 0.107422
(774,774) 0.107422
(775,775) 0.107422
(776,776) 0.107422
(777,777) 0.107422
(778,778) 0.107422
(779,779) 0.107422
(780,780) 0.107422
(781,781) 0.107422
(782,782) 0.107422
(783,783) 0.107422
(784,784) 0.107422
(785,785) 0.107422
(786,786) 0.107422
(787,787) 0.107422
(788,788) 0.107422
(789,789) 0.107422
(790,790) 0.107422
(791,791) 0.107422
(792,792) 0.107422
(793,793) 0.107422
(794,794) 0.107422
(795,795) 0.107422
(796,796) 0.107422
(797,797) 0.107422
(798,798) 0.107422
(799,799) 0.107422
(800,800) 0.107422
(801,801) 0.107422
(802,802) 0.107422
(803,803) 0.107422
(804,804) 0.107422
(805,805) 0.107422
(806,806) 0.107422
(807,807) 0.107422
(808,808) 0.107422
(809,809) 0.107422
(810,810) 0.107422
(811,811) 0.107422
(812,812) 0.107422
(813,813) 0.107422
(814,814) 0.107422
(815,815) 0.107422
(816,816) 0.107422
(817,817) 0.107422
(818,818) 0.107422
(819,819) 0.107422
(820,820) 0.107422
(821,821) 0.107422
(822,822) 0.107422
(823,823) 0.107422
(824,824) 0.107422
(825,825) 0.107422
(826,826) 0.107422
(827,827) 0.107422
(828,828) 0.107422
(829,829) 0.107422
(830,830) 0.107422
(831,831) 0.107422
(832,832) 0.107422
(833,833) 0.107422
(834,834) 0.107422
(835,835) 0.107422
(836,836) 0.107422
(837,837) 0.107422
(838,838) 0.107422
(839,839) 0.107422
(840,840) 0.107422
(841,841) 0.107422
(842,842) 0.107422
(843,843) 0.107422
(844,844) 0.107422
(845,845) 0.107422
(846,846) 0.107422
(847,847) 0.107422
(848,848) 0.107422
(849,849) 0.107422
(850,850) 0.107422
(851,851) 0.107422
(852,852) 0.107422
(853,853) 0.107422
(854,854) 0.107422
(855,855) 0.107422
(856,856) 0.107422
(857,857) 0.107422
(858,858) 0.107422
(859,859) 0.107422
(860,860) 0.107422
(861,861) 0.107422
(862,862) 0.107422
(863,863) 0.107422
(864,864) 0.107422
(865,865) 0.107422
(866,866) 0.107422
(867,867) 0.107422
(868,868) 0.107422
(869,869) 0.107422
(870,870) 0.107422
(871,871) 0.107422
(872,872) 0.107422
(873,873) 0.107422
(874,874) 0.107422
(875,875) 0.107422
(876,876) 0.107422
(877,877) 0.107422
(878,878) 0.107422
(879,879) 0.107422
(880,880) 0.107422
(881,881) 0.107422
(882,882) 0.107422
(883,883) 0.107422
(884,884) 0.107422
(885,885) 0.107422
(886,886) 0.107422
(887,887) 0.107422
(888,888) 0.107422
(889,889) 0.107422
(890,890) 0.107422
(891,891) 0.107422
(892,892) 0.107422
(893,893) 0.107422
(894,894) 0.107422
(895,895) 0.107422
(896,896) 0.107422
(897,897) 0.107422
(898,898) 0.107422
(899,899) 0.107422
(900,900) 0.107422
(901,901) 0.107422
(902,902) 0.107422
(903,903) 0.107422
(904,904) 0.107422
(905,905) 0.107422
(906,906) 0.107422
(907,907) 0.107422
(908,908) 0.107422
(909,909) 0.107422
(910,910) 0.107422
(911,911) 0.107422
(912,912) 0.107422
(913,913) 0.107422
(914,914) 0.107422
(915,915) 0.107422
(916,916) 0.107422
(917,917) 0.107422
(918,918) 0.107422
(919,919) 0.107422
(920,920) 0.107422
(921,921) 0.107422
(922,922) 0.107422
(923,923) 0.107422
(924,924) 0.107422
(925,925) 0.107422
(926,926) 0.107422
(927,927) 0.107422
(928,928) 0.107422
(929,929) 0.107422
(930,930) 0.107422
(931,931) 0.107422
(932,932) 0.107422
(933,933) 0.107422
(934,934) 0.107422
(935,935) 0.107422
(936,936) 0.107422
(937,937) 0.107422
(938,938) 0.107422
(939,939) 0.107422
(940,940) 0.107422
(941,941) 0.107422
(942,942) 0.107422
(943,943) 0.107422
(944,944) 0.107422
(945,945) 0.107422
(946,946) 0.107422
(947,947) 0.107422
(948,948) 0.107422
(949,949) 0.107422
(950,950) 0.107422
(951,951) 0.107422
(952,952) 0.107422
(953,953) 0.107422
(954,954) 0.107422
(955,955) 0.107422
(956,956) 0.107422
(957,957) 0.107422
(958,958) 0.107422
(959,959) 0.107422
(960,960) 0.107422
(961,961) 0.107422
(962,962) 0.107422
(963,963) 0.107422
(964,964) 0.107422
(965,965) 0.107422
(966,966) 0.107422
(967,967) 0.107422
(968,968) 0.107422
(969,969) 0.107422
(970,970) 0.107422
(971,971) 0.107422
(972,972) 0.107422
(973,973) 0.107422
(974,974) 0.107422
(975,975) 0.107422
(976,976) 0.107422
(977,977) 0.107422
(978,978) 0.107422
(979,979) 0.107422
(980,980) 0.107422
(981,981) 0.107422
(982,982) 0.107422
(983,983) 0.107422
(984,984) 0.107422
(985,985) 0.107422
(986,986) 0.107422
(987,987) 0.107422
(988,988) 0.107422
(989,989) 0.107422
(990,990) 0.107422
(991,991) 0.107422
(992,992) 0.107422
(993,993) 0.107422
(994,994) 0.107422
(995,995) 0.107422
(996,996) 0.107422
(997,997) 0.107422
(998,998) 0.107422
(999,999) 0.107422
(1000,1000) 0.107422
(1001,1001) 0.107422
(1002,1002) 0.107422
(1003,1003) 0.107422
(1004,1004) 0.107422
(1005,1005) 0.107422
(1006,1006) 0.107422
(1007,1007) 0.107422
(1008,1008) 0.107422
(1009,1009) 0.107422
(1010,1010) 0.107422
(1011,1011) 0.107422
(1012,1012) 0.107422
(1013,1013) 0.107422
(1014,1014) 0.107422
(1015,1015) 0.107422
(1016,1016) 0.107422
(1017,1017) 0.107422
(1018,1018) 0.107422
(1019,1019) 0.107422
(1020,1020) 0.107422
(1021,1021) 0.107422
(1022,1022) 0.107422
(1023,1023) 0.107422
