3.531e-001
3.524e-001
3.095e-002
3.128e-002
3.677e-001
3.536e-001
3.320e-002
3.149e-002
-1.201e-002
-1.212e-002
-1.025e-003
-1.049e-003
-1.291e-002
-1.221e-002
-1.122e-003
-1.059e-003
3.672e-001
3.536e-001
3.312e-002
3.148e-002
3.672e-001
3.536e-001
3.312e-002
3.148e-002
-1.288e-002
-1.221e-002
-1.118e-003
-1.059e-003
-1.288e-002
-1.221e-002
-1.118e-003
-1.059e-003
4.022e-004
4.109e-004
2.978e-005
3.085e-005
4.413e-004
4.153e-004
3.320e-005
3.125e-005
-1.176e-005
-1.217e-005
-7.867e-007
-8.254e-007
-1.315e-005
-1.234e-005
-8.931e-007
-8.389e-007
4.395e-004
4.152e-004
3.303e-005
3.123e-005
4.396e-004
4.152e-004
3.304e-005
3.123e-005
-1.308e-005
-1.233e-005
-8.871e-007
-8.383e-007
-1.308e-005
-1.233e-005
-8.874e-007
-8.383e-007
1.411e-002
1.192e-003
2.173e-003
2.029e-004
-4.669e-004
-3.443e-005
-8.606e-005
-6.755e-006
-8.673e-004
-8.706e-005
-9.269e-005
-9.775e-006
3.475e-005
2.895e-006
4.254e-006
3.648e-007
1.358e-005
9.078e-007
2.853e-006
1.994e-007
-3.597e-007
-1.373e-008
-8.395e-008
-3.471e-009
-1.161e-006
-8.529e-008
-1.591e-007
-1.190e-008
3.430e-008
1.471e-009
5.183e-009
2.353e-010
3.734e-005
4.275e-006
3.258e-006
3.819e-007
-1.739e-006
-1.614e-007
-1.688e-007
-1.577e-008
-1.318e-006
-1.677e-007
-1.007e-007
-1.293e-008
6.930e-008
7.055e-009
5.772e-009
5.846e-010
6.593e-008
5.302e-009
7.032e-009
5.644e-010
-2.170e-009
-1.048e-010
-2.520e-010
-1.258e-011
-2.931e-009
-2.557e-010
-2.646e-010
-2.275e-011
1.064e-010
5.717e-012
1.035e-011
5.659e-013
3.122e-007
3.270e-007
1.935e-008
2.056e-008
3.554e-007
3.329e-007
2.236e-008
2.097e-008
-7.705e-009
-8.169e-009
-4.501e-010
-4.842e-010
-8.929e-009
-8.350e-009
-5.294e-010
-4.959e-010
3.529e-007
3.326e-007
2.217e-008
2.095e-008
3.531e-007
3.326e-007
2.218e-008
2.095e-008
-8.852e-009
-8.341e-009
-5.241e-010
-4.953e-010
-8.856e-009
-8.342e-009
-5.244e-010
-4.953e-010
1.797e-010
1.928e-010
1.001e-011
1.090e-011
2.119e-010
1.980e-010
1.198e-011
1.121e-011
-4.005e-012
-4.351e-012
-1.309e-013
-1.442e-013
-4.808e-012
-4.486e-012
-1.609e-013
-1.493e-013
2.098e-010
1.977e-010
1.184e-011
1.120e-011
2.099e-010
1.977e-010
1.185e-011
1.120e-011
-4.750e-012
-4.479e-012
-1.585e-013
-1.490e-013
-4.754e-012
-4.479e-012
-1.587e-013
-1.490e-013
4.084e-008
5.673e-009
2.834e-009
3.944e-010
-2.374e-009
-2.621e-010
-1.772e-010
-1.933e-011
-1.151e-009
-1.726e-010
-7.428e-011
-1.111e-011
7.292e-011
8.661e-012
5.011e-012
5.855e-013
1.104e-010
1.037e-011
8.845e-012
8.122e-013
-4.377e-012
-2.590e-013
-3.745e-013
-2.231e-014
-3.691e-012
-3.707e-013
-2.700e-013
-2.639e-014
1.584e-013
1.023e-014
1.230e-014
7.933e-016
3.020e-011
4.847e-012
1.840e-012
2.937e-013
-2.062e-012
-2.616e-013
-1.328e-013
-1.653e-014
-7.486e-013
-1.278e-013
-2.779e-014
-4.866e-015
5.460e-014
7.363e-015
2.184e-015
2.989e-016
1.126e-013
1.202e-014
7.664e-015
7.946e-016
-5.193e-015
-3.630e-016
-3.732e-016
-2.595e-017
-3.192e-015
-3.611e-016
-1.379e-016
-1.565e-017
1.574e-016
1.184e-017
7.318e-018
5.503e-019

